1 0.0
2 104.00625
3 180.32295
4 0.0
5 180.3962
6 32.0
7 0.0
8 32.0
9 203.0
10 0.0
11 32.0
12 38.850822
13 0.0
14 203.0
15 32.0
16 0.0
17 203.0
18 33.134
19 203.0
20 38.61463
21 32.0
22 0.0
23 33.134
24 38.61463
25 32.0
26 44.155464
27 203.0
28 0.0
29 30.8
30 0.0
31 38.850822
32 0.0
33 1.1340001
34 38.61463
35 6.6146307
36 0.0
37 32.0
38 32.0
39 109.344215
40 203.0
41 0.0
42 251.0
43 32.0
44 169.6173
45 32.0
46 180.32295
47 203.0
48 32.0
49 32.0
50 109.344215
51 104.00625
52 38.61463
53 104.00625
54 0.0
55 169.6173
56 32.0
57 0.0
58 32.0
59 203.0
60 6.6146307
61 32.0
62 0.0
63 33.134
64 38.850822
65 0.0
66 0.0
67 203.0
68 25.385368
69 0.0
70 203.0
71 32.0
72 30.866
73 204.134
74 203.0
75 32.0
76 0.0
77 32.0
78 0.0
79 32.0
80 0.0
81 0.0
82 38.61463
83 104.00625
84 32.0
85 6.6146307
86 0.0
87 19.844534
88 32.0
89 204.134
90 251.0
91 32.0
92 203.0
93 32.0
94 169.6173
95 6.6146307
96 38.61463
97 32.0
98 203.0
99 30.866
100 109.344215
101 251.0
102 251.0
103 251.0
104 204.134
105 204.134
106 203.0
107 203.0
108 203.0
109 203.0
110 203.0
111 203.0
112 203.0
113 203.0
114 203.0
115 203.0
116 203.0
117 203.0
118 203.0
119 180.3962
120 180.32295
121 180.32295
122 169.6173
123 169.6173
124 169.6173
125 109.344215
126 109.344215
127 109.344215
128 104.00625
129 104.00625
130 104.00625
131 104.00625
132 44.155464
133 38.850822
134 38.850822
135 38.850822
136 38.61463
137 38.61463
138 38.61463
139 38.61463
140 38.61463
141 38.61463
142 33.134
143 33.134
144 33.134
145 32.0
146 32.0
147 32.0
148 32.0
149 32.0
150 32.0
151 32.0
152 203.0
153 203.0
154 203.0
155 203.0
156 203.0
157 32.0
158 25.385368
159 251.0
160 0.0
161 33.134
162 203.0
163 0.0
164 203.0
165 32.0
166 32.0
167 38.61463
168 204.134
169 109.344215
170 180.32295
171 169.6173
172 104.00625
173 169.6173
174 169.6173
175 30.866
176 38.61463
177 0.0
178 33.134
179 109.40977
180 203.0
181 98.682686
182 32.0
183 33.134
184 33.134
185 33.134
186 0.0
187 32.6
188 0.0
189 32.0
190 98.682686
191 32.0
192 0.0
193 204.134
194 31.4
195 25.149174
196 32.0
197 0.0
198 32.0
199 0.0
200 174.73912
201 103.93259
202 251.0
203 251.0
204 251.0
205 251.0
206 204.134
207 204.134
208 204.134
209 204.134
210 203.0
211 203.0
212 203.0
213 203.0
214 203.0
215 203.0
216 203.0
217 203.0
218 203.0
219 203.0
220 203.0
221 203.0
222 203.0
223 203.0
224 203.0
225 203.0
226 203.0
227 203.0
228 203.0
229 203.0
230 203.0
231 180.3962
232 180.32295
233 180.32295
234 180.32295
235 174.73912
236 169.6173
237 169.6173
238 169.6173
239 169.6173
240 169.6173
241 169.6173
242 109.40977
243 109.344215
244 109.344215
245 109.344215
246 109.344215
247 104.00625
248 104.00625
249 104.00625
250 104.00625
251 104.00625
252 103.93259
253 0.0
254 32.0
255 204.134
256 204.134
257 0.0
258 175.20117
259 33.134
260 203.0
261 204.134
262 32.0
263 203.0
264 203.0
265 169.6173
266 33.2
267 203.0
268 32.0
269 191.18942
