1 30.866
2 33.134
3 0.0
4 38.61463
5 33.134
6 0.0
7 0.0
8 33.134
9 0.0
10 109.344215
11 204.134
12 14.714138
13 32.0
14 145.57542
15 0.0
16 38.61463
17 25.581102
18 0.0
19 0.0
20 0.0
21 109.28589
22 38.61463
23 33.134
24 0.0
25 66.93325
26 30.866
27 54.915318
28 25.385368
29 1.2
30 103.93259
31 0.0
32 34.267998
33 32.0
34 0.0
35 9.011164
36 28.42734
37 1.2
38 136.70682
39 0.0
40 98.4043
41 204.134
42 1.1340001
43 32.0
44 0.0
45 131.22691
46 203.0
47 0.0
48 82.17816
49 0.0
50 32.0
51 169.6173
52 38.61463
53 0.0
54 203.0
55 25.385368
56 6.6146307
57 25.414562
58 0.0
59 0.0
60 203.0
61 202.20297
62 32.0
63 49.756996
64 30.265999
65 0.0
66 0.0
67 8.872161
68 176.47935
69 0.0
70 30.866
71 6.6146307
72 104.13972
73 82.08978
74 18.888208
75 32.0
76 18.770737
77 34.334
78 27.65337
79 93.05713
80 32.0
81 30.8
82 0.0
83 203.0
84 0.0
85 25.385368
86 34.268
87 0.0
88 203.0
89 0.0
90 204.134
91 49.520634
92 33.134
93 0.0
94 33.134
95 0.0
96 203.0
97 47.752735
98 38.61463
99 25.385366
100 32.0
101 204.134
102 204.134
103 204.134
104 203.0
105 203.0
106 203.0
107 203.0
108 203.0
109 203.0
110 202.20297
111 176.47935
112 169.6173
113 145.57542
114 136.70682
115 131.22691
116 109.344215
117 109.28589
118 104.13972
119 103.93259
120 98.4043
121 93.05713
122 82.17816
123 82.08978
124 66.93325
125 54.915318
126 49.756996
127 49.520634
128 47.752735
129 38.61463
130 38.61463
131 38.61463
132 38.61463
133 38.61463
134 34.334
135 34.268
136 34.267998
137 33.134
138 33.134
139 33.134
140 33.134
141 33.134
142 33.134
143 32.0
144 32.0
145 32.0
146 32.0
147 32.0
148 32.0
149 32.0
150 32.0
151 162.31294
152 6.6146307
153 33.134
154 193.04247
155 203.0
156 0.0
157 180.25781
158 77.686935
159 114.760544
160 196.79015
161 203.0
162 25.385368
163 0.0
164 203.0
165 4.346631
166 0.0
167 764.134
168 9.06962
169 128.84872
170 87.86697
171 109.40977
172 30.918278
173 24.185368
174 253.35663
175 267.0
176 54.958023
177 33.134
178 203.0
179 45.465454
180 203.0
181 25.385368
182 0.0
183 93.32797
184 165.96527
185 0.0
186 104.00625
187 30.636127
188 0.6
189 32.0
190 81.55919
191 25.385368
192 30.866
193 35.402
194 25.385368
195 0.0
196 196.75342
197 0.0
198 30.81372
199 87.625374
200 30.866
201 764.134
202 267.0
203 253.35663
204 204.134
205 204.134
206 204.134
207 203.0
208 203.0
209 203.0
210 203.0
211 203.0
212 203.0
213 203.0
214 203.0
215 203.0
216 203.0
217 203.0
218 202.20297
219 196.79015
220 196.75342
221 193.04247
222 180.25781
223 176.47935
224 169.6173
225 165.96527
226 162.31294
227 145.57542
228 136.70682
229 131.22691
230 128.84872
231 114.760544
232 109.40977
233 109.344215
234 109.28589
235 104.13972
236 104.00625
237 103.93259
238 98.4043
239 93.32797
240 93.05713
241 87.86697
242 87.625374
243 82.17816
244 82.08978
245 81.55919
246 77.686935
247 66.93325
248 54.958023
249 54.915318
250 49.756996
251 764.134
252 186.07335
253 30.866
254 2.2680001
255 0.0
256 763.0
257 0.0
258 38.61463
259 203.0
260 203.0
261 45.229263
262 0.0
263 18.770737
264 163.93967
265 82.34515
266 203.0
267 1275.0
268 33.134
269 237.49594
270 44.568375
271 37.48063
272 191.18942
273 38.61463
274 34.334
275 0.0
276 203.0
277 33.134
278 45.229263
279 153.25194
280 175.2052
281 98.682686
282 0.0
283 44.155464
284 49.756996
285 203.0
286 153.33652
287 0.0
288 32.0
289 76.87244
290 49.285866
291 30.866
292 158.5496
293 203.0
294 0.0
295 36.53011
296 19.970737
297 38.850822
298 49.403244
299 188.89777
300 38.61463
301 1275.0
302 764.134
303 764.134
304 763.0
305 267.0
306 253.35663
307 237.49594
308 204.134
309 204.134
310 204.134
311 203.0
312 203.0
313 203.0
314 203.0
315 203.0
316 203.0
317 203.0
318 203.0
319 203.0
320 203.0
321 203.0
322 203.0
323 203.0
324 203.0
325 203.0
326 203.0
327 203.0
328 202.20297
329 196.79015
330 196.75342
331 193.04247
332 191.18942
333 188.89777
334 186.07335
335 180.25781
336 176.47935
337 175.2052
338 169.6173
339 165.96527
340 163.93967
341 162.31294
342 158.5496
343 153.33652
344 153.25194
345 145.57542
346 136.70682
347 131.22691
348 128.84872
349 114.760544
350 109.40977
351 751.19604
352 203.0
353 203.0
354 203.0
355 136.95303
356 203.0
357 204.134
358 30.265999
359 203.0
360 163.93513
361 35.401997
362 206.39612
363 203.0
364 203.0
365 203.0
366 19.449942
367 203.0
368 203.0
369 0.0
370 267.0
371 1.1340001
372 250.04608
373 169.69958
374 6.6146307
375 54.00371
376 32.0
377 203.0
378 25.385368
379 153.84879
380 33.134
381 6.8508253
382 169.6173
383 34.267998
384 0.0
385 38.61463
386 0.0
387 169.6173
388 0.0
389 25.204649
390 203.0
391 25.385368
392 147.72139
393 203.0
394 30.866
395 0.0
396 203.0
397 30.866
398 267.0
399 196.96762
400 109.40977
401 1275.0
402 764.134
403 764.134
404 763.0
405 751.19604
406 267.0
407 267.0
408 267.0
409 253.35663
410 250.04608
411 237.49594
412 206.39612
413 204.134
414 204.134
415 204.134
416 204.134
417 203.0
418 203.0
419 203.0
420 203.0
421 203.0
422 203.0
423 203.0
424 203.0
425 203.0
426 203.0
427 203.0
428 203.0
429 203.0
430 203.0
431 203.0
432 203.0
433 203.0
434 203.0
435 203.0
436 203.0
437 203.0
438 203.0
439 203.0
440 203.0
441 203.0
442 203.0
443 203.0
444 203.0
445 203.0
446 203.0
447 203.0
448 202.20297
449 196.96762
450 196.79015
451 267.0
452 37.41463
453 203.0
454 32.0
455 193.27876
456 30.81372
457 45.25056
458 85.56807
459 32.6
460 267.0
461 251.3239
462 79.89873
463 204.134
464 120.49333
465 6.6146307
466 120.65956
467 6.7539415
468 203.0
469 8.193934
470 203.0
471 203.0
472 179.96109
473 77.0017
474 33.2
475 203.0
476 203.0
477 203.0
478 203.0
479 0.0
480 202.3498
481 92.964134
482 8.281873
483 39.74863
484 203.0
485 183.80281
486 185.77419
487 267.0
488 147.54672
489 203.0
490 77.76733
491 203.0
492 191.18942
493 203.0
494 203.0
495 203.0
496 203.0
497 87.734695
498 54.895866
499 177.40378
500 49.277615
501 1275.0
502 764.134
503 764.134
504 763.0
505 751.19604
506 267.0
507 267.0
508 267.0
509 267.0
510 267.0
511 267.0
512 253.35663
513 251.3239
514 250.04608
515 237.49594
516 206.39612
517 204.134
518 204.134
519 204.134
520 204.134
521 204.134
522 203.0
523 203.0
524 203.0
525 203.0
526 203.0
527 203.0
528 203.0
529 203.0
530 203.0
531 203.0
532 203.0
533 203.0
534 203.0
535 203.0
536 203.0
537 203.0
538 203.0
539 203.0
540 203.0
541 203.0
542 203.0
543 203.0
544 203.0
545 203.0
546 203.0
547 203.0
548 203.0
549 203.0
550 203.0
551 183.14413
552 204.134
553 204.134
554 169.65459
555 6.8855224
556 39.100784
557 203.0
558 203.0
559 25.414562
560 32.0
561 203.0
562 203.0
563 126.06313
564 203.0
565 37.451443
566 180.30162
567 0.0
568 120.204
569 0.0
570 39.21463
571 3.8069592
572 1163.0
573 37.480633
574 203.0
575 191.5756
576 180.38011
577 203.0
578 169.54407
579 14.714138
580 178.1294
581 24.015173
582 142.18053
583 109.14455
584 153.05693
585 212.95665
586 28.597998
587 203.0
588 203.0
589 203.0
590 30.866
591 203.0
592 203.0
593 30.866
594 30.866
595 203.0
596 203.0
597 154.70976
598 203.0
599 158.81984
600 203.0
601 1275.0
602 1163.0
603 764.134
604 764.134
605 763.0
606 751.19604
607 267.0
608 267.0
609 267.0
610 267.0
611 267.0
612 267.0
613 253.35663
614 251.3239
615 250.04608
616 237.49594
617 212.95665
618 206.39612
619 204.134
620 204.134
621 204.134
622 204.134
623 204.134
624 204.134
625 204.134
626 203.0
627 203.0
628 203.0
629 203.0
630 203.0
631 203.0
632 203.0
633 203.0
634 203.0
635 203.0
636 203.0
637 203.0
638 203.0
639 203.0
640 203.0
641 203.0
642 203.0
643 203.0
644 203.0
645 203.0
646 203.0
647 203.0
648 203.0
649 203.0
650 203.0
651 203.0
652 196.14914
653 203.0
654 203.0
655 159.33818
656 193.94177
657 67.62521
658 25.385368
659 186.37686
660 169.58228
661 175.13206
662 66.78409
663 50.009026
664 203.0
665 31.4
666 50.47214
667 175.1521
668 203.0
669 38.61463
670 104.01654
671 203.0
672 30.265999
673 452.4518
674 203.0
675 34.267998
676 153.21077
677 267.0
678 204.134
679 203.0
680 17.285864
681 169.69958
682 204.134
683 32.0
684 204.134
685 0.0
686 180.3191
687 55.943344
688 146.66623
689 204.00928
690 203.0
691 34.32028
692 203.0
693 39.98482
694 203.0
695 203.0
696 203.0
697 196.69005
698 203.0
699 98.588326
700 98.42903
701 1275.0
702 1163.0
703 764.134
704 764.134
705 763.0
706 751.19604
707 452.4518
708 267.0
709 267.0
710 267.0
711 267.0
712 267.0
713 267.0
714 267.0
715 253.35663
716 251.3239
717 250.04608
718 237.49594
719 212.95665
720 206.39612
721 204.134
722 204.134
723 204.134
724 204.134
725 204.134
726 204.134
727 204.134
728 204.134
729 204.134
730 204.134
731 204.00928
732 203.0
733 203.0
734 203.0
735 203.0
736 203.0
737 203.0
738 203.0
739 203.0
740 203.0
741 203.0
742 203.0
743 203.0
744 203.0
745 203.0
746 203.0
747 203.0
748 203.0
749 203.0
750 203.0
751 176.56308
752 1163.0
753 66.11824
754 131.55931
755 163.93513
756 203.0
757 1.1340001
758 103.940704
759 30.866
760 147.8808
761 184.9892
762 0.0
763 17.285864
764 61.68138
765 763.0
766 115.1234
767 267.0
768 33.134
769 120.556206
770 120.27854
771 202.01125
772 203.0
773 203.0
774 41.11882
775 32.0
776 264.91547
777 45.200073
778 0.0
779 203.0
780 71.50639
781 149.82565
782 203.0
783 203.0
784 203.0
785 191.43967
786 203.0
787 32.0
788 45.43766
789 203.0
790 25.385368
791 54.700497
792 142.27953
793 180.3962
794 203.0
795 203.0
796 31.4
797 81.04833
798 204.134
799 25.385368
800 204.134
801 1275.0
802 1163.0
803 1163.0
804 764.134
805 764.134
806 763.0
807 763.0
808 751.19604
809 452.4518
810 267.0
811 267.0
812 267.0
813 267.0
814 267.0
815 267.0
816 267.0
817 267.0
818 264.91547
819 253.35663
820 251.3239
821 250.04608
822 237.49594
823 212.95665
824 206.39612
825 204.134
826 204.134
827 204.134
828 204.134
829 204.134
830 204.134
831 204.134
832 204.134
833 204.134
834 204.134
835 204.134
836 204.134
837 204.00928
838 203.0
839 203.0
840 203.0
841 203.0
842 203.0
843 203.0
844 203.0
845 203.0
846 203.0
847 203.0
848 203.0
849 203.0
850 203.0
851 203.0
852 203.0
853 265.866
854 33.134
855 32.0
856 158.85448
857 24.185368
858 203.0
859 45.229263
860 203.6
861 203.0
862 6.6146307
863 122.336845
864 203.0
865 0.0
866 120.25693
867 174.93758
868 38.519226
869 54.93038
870 77.770515
871 69.80691
872 268.134
873 120.671005
874 203.0
875 169.5441
876 126.66925
877 203.0
878 84.0503
879 203.0
880 49.285866
881 98.6659
882 203.0
883 136.85184
884 1371.5133
885 0.0
886 0.0
887 0.0
888 203.0
889 98.60904
890 763.0
891 136.67192
892 203.0
893 32.0
894 203.0
895 203.0
896 203.49779
897 44.155464
898 203.0
899 203.0
900 203.0
901 1371.5133
902 1275.0
903 1163.0
904 1163.0
905 764.134
906 764.134
907 763.0
908 763.0
909 763.0
910 751.19604
911 452.4518
912 268.134
913 267.0
914 267.0
915 267.0
916 267.0
917 267.0
918 267.0
919 267.0
920 267.0
921 265.866
922 264.91547
923 253.35663
924 251.3239
925 250.04608
926 237.49594
927 212.95665
928 206.39612
929 204.134
930 204.134
931 204.134
932 204.134
933 204.134
934 204.134
935 204.134
936 204.134
937 204.134
938 204.134
939 204.134
940 204.134
941 204.00928
942 203.6
943 203.49779
944 203.0
945 203.0
946 203.0
947 203.0
948 203.0
949 203.0
950 203.0
951 60.297264
952 196.79181
953 8.613388
954 45.889633
955 38.61463
956 38.61463
957 202.06625
958 203.0
959 203.0
960 186.69069
961 418.71048
962 204.134
963 203.0
964 0.0
965 267.0
966 1142.0753
967 103.04217
968 203.0
969 40.494064
970 203.0
971 203.0
972 0.0
973 203.0
974 37.451443
975 203.0
976 191.58017
977 38.61463
978 203.0
979 203.0
980 37.669994
981 267.0
982 204.134
983 55.127834
984 207.62398
985 764.134
986 262.23654
987 204.134
988 214.03366
989 204.134
990 56.25776
991 131.29012
992 203.0
993 203.0
994 142.48378
995 203.0
996 142.05275
997 204.134
998 203.0
999 51.843895
1000 203.0
1001 1371.5133
1002 1275.0
1003 1163.0
1004 1163.0
1005 1142.0753
1006 764.134
1007 764.134
1008 764.134
1009 763.0
1010 763.0
1011 763.0
1012 751.19604
1013 452.4518
1014 418.71048
1015 268.134
1016 267.0
1017 267.0
1018 267.0
1019 267.0
1020 267.0
1021 267.0
1022 267.0
1023 267.0
1024 267.0
1025 267.0
1026 265.866
1027 264.91547
1028 262.23654
1029 253.35663
1030 251.3239
1031 250.04608
1032 237.49594
1033 214.03366
1034 212.95665
1035 207.62398
1036 206.39612
1037 204.134
1038 204.134
1039 204.134
1040 204.134
1041 204.134
1042 204.134
1043 204.134
1044 204.134
1045 204.134
1046 204.134
1047 204.134
1048 204.134
1049 204.134
1050 204.134
1051 32.0
1052 203.0
1053 267.0
1054 268.134
1055 190.22295
1056 267.0
1057 203.0
1058 198.29477
1059 267.0
1060 32.0
1061 3.8069592
1062 3.4496279
1063 98.40076
1064 267.0
1065 203.0
1066 6.6146307
1067 186.01637
1068 203.0
1069 203.0
1070 1164.134
1071 121.80199
1072 203.0
1073 88.91249
1074 203.0
1075 158.79941
1076 177.9879
1077 203.0
1078 458.519
1079 203.0
1080 32.0
1081 31.934
1082 251.17865
1083 29.731998
1084 169.6173
1085 1.1340001
1086 158.85446
1087 98.682686
1088 43.02146
1089 198.97261
1090 203.0
1091 204.134
1092 203.0
1093 316.5601
1094 120.513664
1095 33.134
1096 109.382935
1097 203.0
1098 49.285866
1099 203.0
1100 203.0
1101 1371.5133
1102 1275.0
1103 1164.134
1104 1163.0
1105 1163.0
1106 1142.0753
1107 764.134
1108 764.134
1109 764.134
1110 763.0
1111 763.0
1112 763.0
1113 751.19604
1114 458.519
1115 452.4518
1116 418.71048
1117 316.5601
1118 268.134
1119 268.134
1120 267.0
1121 267.0
1122 267.0
1123 267.0
1124 267.0
1125 267.0
1126 267.0
1127 267.0
1128 267.0
1129 267.0
1130 267.0
1131 267.0
1132 267.0
1133 267.0
1134 265.866
1135 264.91547
1136 262.23654
1137 253.35663
1138 251.3239
1139 251.17865
1140 250.04608
1141 237.49594
1142 214.03366
1143 212.95665
1144 207.62398
1145 206.39612
1146 204.134
1147 204.134
1148 204.134
1149 204.134
1150 204.134
1151 204.134
1152 267.0
1153 268.134
1154 203.0
1155 1369.043
1156 265.866
1157 193.49739
1158 187.17102
1159 15.313843
1160 203.0
1161 131.49571
1162 203.0
1163 203.39809
1164 39.384823
1165 204.134
1166 0.0
1167 235.42682
1168 6.795352
1169 82.441956
1170 146.95047
1171 763.0
1172 0.0
1173 252.11346
1174 204.134
1175 857.91693
1176 203.0
1177 175.84871
1178 203.0
1179 48.096283
1180 763.0
1181 203.0
1182 203.0
1183 61.526787
1184 204.134
1185 62.515396
1186 173.28828
1187 203.0
1188 109.42375
1189 203.0
1190 33.134
1191 203.0
1192 0.6
1193 143.97499
1194 163.92352
1195 203.0
1196 203.0
1197 204.134
1198 33.134
1199 153.19043
1200 204.134
1201 1371.5133
1202 1369.043
1203 1275.0
1204 1164.134
1205 1163.0
1206 1163.0
1207 1142.0753
1208 857.91693
1209 764.134
1210 764.134
1211 764.134
1212 763.0
1213 763.0
1214 763.0
1215 763.0
1216 763.0
1217 751.19604
1218 458.519
1219 452.4518
1220 418.71048
1221 316.5601
1222 268.134
1223 268.134
1224 268.134
1225 267.0
1226 267.0
1227 267.0
1228 267.0
1229 267.0
1230 267.0
1231 267.0
1232 267.0
1233 267.0
1234 267.0
1235 267.0
1236 267.0
1237 267.0
1238 267.0
1239 267.0
1240 265.866
1241 265.866
1242 264.91547
1243 262.23654
1244 253.35663
1245 252.11346
1246 251.3239
1247 251.17865
1248 250.04608
1249 237.49594
1250 235.42682
1251 1883.0
1252 155.91231
1253 13.954651
1254 1275.0
1255 1163.0
1256 177.93842
1257 763.0
1258 61.466526
1259 3979.0
1260 203.0
1261 43.84075
1262 203.0
1263 98.682686
1264 203.0
1265 12.038249
1266 203.0
1267 12.264763
1268 38.145252
1269 203.0
1270 6.6146307
1271 191.19902
1272 268.134
1273 21.132008
1274 43.154377
1275 30.866
1276 203.0
1277 109.344215
1278 203.0
1279 183.15613
1280 203.0
1281 67.20274
1282 203.0
1283 203.0
1284 25.385368
1285 267.0
1286 89.0032
1287 173.19766
1288 203.0
1289 203.0
1290 6.6146307
1291 761.866
1292 0.0
1293 204.134
1294 203.0
1295 23.138906
1296 203.0
1297 109.278656
1298 38.61463
1299 203.0
1300 26.519367
1301 3979.0
1302 1883.0
1303 1371.5133
1304 1369.043
1305 1275.0
1306 1275.0
1307 1164.134
1308 1163.0
1309 1163.0
1310 1163.0
1311 1142.0753
1312 857.91693
1313 764.134
1314 764.134
1315 764.134
1316 763.0
1317 763.0
1318 763.0
1319 763.0
1320 763.0
1321 763.0
1322 761.866
1323 751.19604
1324 458.519
1325 452.4518
1326 418.71048
1327 316.5601
1328 268.134
1329 268.134
1330 268.134
1331 268.134
1332 267.0
1333 267.0
1334 267.0
1335 267.0
1336 267.0
1337 267.0
1338 267.0
1339 267.0
1340 267.0
1341 267.0
1342 267.0
1343 267.0
1344 267.0
1345 267.0
1346 267.0
1347 267.0
1348 265.866
1349 265.866
1350 264.91547
1351 267.0
1352 267.0
1353 267.0
1354 204.134
1355 178.28514
1356 204.134
1357 203.0
1358 267.0
1359 203.0
1360 0.0
1361 250.70319
1362 109.28589
1363 203.0
1364 763.0
1365 203.0
1366 203.0
1367 169.53508
1368 492.00372
1369 203.0
1370 65.9073
1371 268.134
1372 201.866
1373 203.0
1374 267.0
1375 203.0
1376 0.0
1377 159.36888
1378 203.0
1379 268.134
1380 203.0
1381 6.6146307
1382 193.07265
1383 267.0
1384 50.770096
1385 37.480633
1386 267.0
1387 38.61463
1388 204.134
1389 203.0
1390 203.0
1391 267.0
1392 114.797264
1393 64.926575
1394 1275.0
1395 267.0
1396 203.0
1397 259.71698
1398 262.3249
1399 203.0
1400 33.134
1401 3979.0
1402 1883.0
1403 1371.5133
1404 1369.043
1405 1275.0
1406 1275.0
1407 1275.0
1408 1164.134
1409 1163.0
1410 1163.0
1411 1163.0
1412 1142.0753
1413 857.91693
1414 764.134
1415 764.134
1416 764.134
1417 763.0
1418 763.0
1419 763.0
1420 763.0
1421 763.0
1422 763.0
1423 763.0
1424 761.866
1425 751.19604
1426 492.00372
1427 458.519
1428 452.4518
1429 418.71048
1430 316.5601
1431 268.134
1432 268.134
1433 268.134
1434 268.134
1435 268.134
1436 268.134
1437 267.0
1438 267.0
1439 267.0
1440 267.0
1441 267.0
1442 267.0
1443 267.0
1444 267.0
1445 267.0
1446 267.0
1447 267.0
1448 267.0
1449 267.0
1450 267.0
1451 203.0
1452 1420.134
1453 203.0
1454 166.30461
1455 204.134
1456 203.0
1457 203.0
1458 267.0
1459 267.0
1460 215.69107
1461 867.86725
1462 221.00882
1463 115.09179
1464 267.0
1465 43.968376
1466 44.155464
1467 158.74014
1468 764.134
1469 76.58336
1470 203.0
1471 763.0
1472 104.59202
1473 203.0
1474 764.134
1475 30.866
1476 203.0
1477 204.134
1478 204.134
1479 35.250217
1480 1.1138526
1481 45.43766
1482 134.24698
1483 2.2680001
1484 125.813095
1485 58.34486
1486 203.0
1487 149.4134
1488 114.999596
1489 204.134
1490 120.47318
1491 196.14914
1492 203.0
1493 763.0
1494 203.0
1495 120.47142
1496 0.0
1497 98.44897
1498 203.0
1499 0.0
1500 203.0
1501 3979.0
1502 1883.0
1503 1420.134
1504 1371.5133
1505 1369.043
1506 1275.0
1507 1275.0
1508 1275.0
1509 1164.134
1510 1163.0
1511 1163.0
1512 1163.0
1513 1142.0753
1514 867.86725
1515 857.91693
1516 764.134
1517 764.134
1518 764.134
1519 764.134
1520 764.134
1521 763.0
1522 763.0
1523 763.0
1524 763.0
1525 763.0
1526 763.0
1527 763.0
1528 763.0
1529 763.0
1530 761.866
1531 751.19604
1532 492.00372
1533 458.519
1534 452.4518
1535 418.71048
1536 316.5601
1537 268.134
1538 268.134
1539 268.134
1540 268.134
1541 268.134
1542 268.134
1543 267.0
1544 267.0
1545 267.0
1546 267.0
1547 267.0
1548 267.0
1549 267.0
1550 267.0
1551 56.135265
1552 203.0
1553 204.134
1554 39.786205
1555 203.0
1556 244.17868
1557 267.0
1558 764.134
1559 267.0
1560 267.0
1561 204.134
1562 203.0
1563 203.0
1564 98.858154
1565 203.0
1566 203.0
1567 204.134
1568 203.0
1569 764.134
1570 411.52686
1571 267.0
1572 5.7679095
1573 159.76813
1574 203.0
1575 20.80916
1576 203.0
1577 54.788593
1578 203.0
1579 25.385366
1580 203.0
1581 203.0
1582 203.0
1583 204.134
1584 182.3666
1585 0.0
1586 317.28845
1587 267.0
1588 203.0
1589 0.0
1590 763.0
1591 199.27634
1592 77.32136
1593 267.0
1594 203.0
1595 203.0
1596 0.0
