1 30.866
2 32.0
3 203.0
4 30.866
5 0.0
6 203.0
7 32.0
8 30.866
9 25.385368
10 32.0
11 0.0
12 103.93259
13 356.38538
14 103.93259
15 203.0
16 32.0
17 32.0
18 30.866
19 203.0
20 252.134
21 0.0
22 32.0
23 33.134
24 203.0
25 0.0
26 32.0
27 38.61463
28 203.0
29 32.0
30 33.134
31 0.0
32 33.2
33 0.0
34 0.0
35 0.0
36 0.0
37 33.134
38 0.0
39 0.0
40 30.866
41 203.0
42 204.134
43 0.0
44 0.0
45 25.385368
46 32.0
47 38.61463
48 203.0
49 25.385366
50 0.0
51 49.285866
52 203.0
53 175.41223
54 93.0686
55 0.0
56 191.18942
57 0.0
58 180.32295
59 0.0
60 11.988956
61 0.0
62 32.0
63 203.0
64 32.0
65 33.134
66 32.0
67 0.0
68 6.6146307
69 0.0
70 30.866
71 19.844534
72 443.0
73 0.0
74 32.0
75 0.0
76 104.00625
77 32.0
78 32.0
79 38.61463
80 0.0
81 0.0
82 203.0
83 30.866
84 0.0
85 31.4
86 0.0
87 114.760544
88 0.0
89 32.0
90 0.0
91 169.6173
92 109.344215
93 98.682686
94 203.0
95 0.0
96 87.904335
97 25.385366
98 33.134
99 30.8
100 38.61463
101 443.0
102 443.0
103 356.38538
104 252.134
105 204.134
106 203.0
107 203.0
108 203.0
109 203.0
110 203.0
111 203.0
112 203.0
113 203.0
114 203.0
115 203.0
116 203.0
117 203.0
118 191.18942
119 180.32295
120 175.41223
121 169.6173
122 114.760544
123 109.344215
124 104.00625
125 103.93259
126 103.93259
127 98.682686
128 93.0686
129 87.904335
130 49.285866
131 38.61463
132 38.61463
133 38.61463
134 38.61463
135 33.2
136 33.134
137 33.134
138 33.134
139 33.134
140 33.134
141 32.0
142 32.0
143 32.0
144 32.0
145 32.0
146 32.0
147 32.0
148 32.0
149 32.0
150 32.0
151 32.0
152 0.0
153 6.6146307
154 30.866
155 0.0
156 203.0
157 203.0
158 203.0
159 32.0
160 38.61463
161 203.0
162 38.61463
163 203.0
164 180.32295
165 0.0
166 38.61463
167 169.6173
168 32.0
169 1.1340001
170 0.0
171 19.844534
172 203.0
173 32.0
174 104.00625
175 33.134
176 203.0
177 169.6173
178 158.44577
179 203.0
180 203.0
181 109.278656
182 33.2
183 32.0
184 33.2
185 38.61463
186 0.0
187 0.0
188 120.291336
189 0.0
190 44.155464
191 169.6173
192 32.6
193 252.134
194 0.0
195 25.385368
196 203.0
197 180.3962
198 32.0
199 0.0
200 0.0
201 32.0
202 443.0
203 443.0
204 356.38538
205 252.134
206 252.134
207 204.134
208 203.0
209 203.0
210 203.0
211 203.0
212 203.0
